72484
-89472
18621
-35457
644
22332
86727
-12065
-98655
-69108
22748
-75115
-13921
-33270
-9639
60708
6231
29905
53292
2438
-77889
20036
-89278
56943
5408
-59535
43262
-47019
-44077
9651
80921
53410
-72708
-37605
70871
-65982
-43226
63248
91573
21726
80123
-44501
-12093
93071
22425
-75649
-94308
78253
-61100
-46226
16171
62073
-81540
-15703
49736
85019
31053
-56477
61067
-1445
-82339
-2249
-74769
-62160
34061
94841
-17516
-56597
-75248
41875
-19361
-40747
-44415
54732
-71378
-96521
98426
-81971
-18673
94359
-64992
97803
83734
16787
49956
80803
83571
17743
-77582
56783
96482
38910
7976
-173
-34358
-90088
-61495
88967
89409
52637
