579872
-63420
-3924
-413927
-627708
-473194
975047
1123529
-484287
-1084694
-449984
-2700640
98917
-1680870
83571
-1828558
1212443
1170330
924345
792689
1907218
-60628
206169
-4181193
-2412718
-2302417
784523
4321
-592428
610152
1072771
3065719
-1379510
1183287
-1053617
648512
-1169985
-392382
2251518
5947
1063925
2717587
-2771821
-70635
1354021
736168
1378025
-504235
-3081791
-3041374
2328965
-764401
686246
-349690
4540077
2296764
-2900108
552702
821118
1756081
-1040654
-1927769
-2224488
-1181455
-3577650
-192821
-203195
832532
440780
236307
-679960
2865690
262111
-937636
-3917553
-857994
652798
-3303218
-1943787
2206654
1902933
354350
-938665
350953
530468
3579864
3431688
1663486
620667
360331
-176046
-947081
-1126852
4419893
127269
-1325080
1400744
329021
1540669
1587515
